[[  9.71689160e-14   6.72559075e-09   7.05403215e-17   7.69005492e-02
    9.23099279e-01   7.18836726e-30   1.08863565e-15   5.02396779e-19
    4.57952254e-09   1.62876233e-07]]
[5]
loss 0.0
[[  7.16532930e-04   3.21059168e-04   9.98177409e-01   2.74548256e-05
    5.65990165e-04   7.24024486e-12   1.09942746e-04   8.16096072e-05
    1.13508624e-14   1.14648413e-09]]
[5]
loss 0.0
[[  6.58190548e-01   2.97314728e-06   3.05949003e-01   4.41265956e-06
    2.36573022e-13   4.36917828e-11   3.57628353e-02   2.50732161e-13
    9.02397951e-05   4.59259510e-17]]
[8]
loss 18259.171875
[[  5.72921466e-23   2.28640191e-25   1.00000000e+00   1.86836088e-14
    4.12555245e-19   2.73865635e-11   3.70118756e-17   3.71042294e-11
    1.81488389e-19   1.19612393e-27]]
[0]
loss 0.0
[[  1.34154815e-28   6.64789226e-20   6.23560909e-23   2.66909114e-17
    6.03400712e-18   8.51761528e-21   1.38828171e-17   5.49501534e-24
    1.00000000e+00   4.47824706e-18]]
[5]
loss 0.0
[[  9.99999940e-01   5.93015397e-19   1.57576019e-09   6.40706563e-14
    1.23250507e-16   2.76149841e-08   2.53978235e-13   8.30890547e-24
    8.35301606e-09   1.85204508e-16]]
[5]
loss 20817.21875
[[  1.87902693e-10   4.09342282e-10   2.30895818e-08   9.99901712e-01
    4.53445992e-08   9.76504234e-05   1.18738493e-12   5.50179038e-07
    5.71245505e-17   2.59499195e-08]]
[1]
loss 0.0
[[  4.78893767e-27   2.63817236e-35   3.07203558e-24   9.42299624e-29
    1.27697907e-19   1.00000000e+00   2.08660267e-25   6.34738400e-20
    1.81809048e-21   1.45968969e-29]]
[4]
loss 0.0
[[  8.14983834e-18   5.05200193e-09   1.64438731e-15   1.00000000e+00
    8.75732553e-09   2.72569367e-09   1.62148146e-17   9.22172087e-22
    6.55603835e-11   3.13025457e-13]]
[3]
loss 0.0
[[  8.36737338e-04   2.66881660e-04   2.01509646e-14   2.49858623e-09
    7.98193216e-01   2.00703159e-01   7.62568122e-25   1.84995930e-08
    4.49564197e-20   1.74762471e-20]]
[8]
loss 0.0
[[  1.76003101e-11   6.66977307e-11   3.65583566e-26   1.39748631e-16
    7.49866486e-01   3.60359603e-10   1.98871071e-13   1.97246126e-11
    2.50133514e-01   1.05960605e-21]]
[8]
loss 59575.0820312
[[  4.27376676e-11   1.42257361e-09   8.24384574e-14   2.08824345e-13
    8.67399275e-01   2.73372498e-14   7.31300645e-11   3.21760468e-13
    1.32600740e-01   6.50961814e-16]]
[4]
loss 0.0

